7.009380966458493567e-02 3.908443116457047811e-02
4.193426055184740903e-02 -3.137359430505795577e-02
1.121691350795629982e-01 3.201818280767574493e-02
6.042154282555638883e-02 -6.699288029502502295e-02
9.798404098783020100e-02 5.005117006136959763e-03
-7.703470215926587483e-02 9.079994883466056821e-02
-8.959556206204552162e-03 1.339480677077045101e-01
-7.583854949888327313e-02 7.490151534298408742e-02
9.150157646765970376e-02 2.351969125766769503e-02
7.625085703488883315e-02 -1.075886353246696125e-01
6.655120336808019454e-02 3.995512477575981214e-02
-4.383038799467629809e-02 5.626040045134414469e-02
2.339595843580254131e-01 -1.210010955889039563e-01
-1.699099038448872723e-01 1.841767183760995852e-01
1.163512027971050494e-01 2.680186508229931777e-02
2.233447440247201057e-02 -3.289015646574094953e-02
7.775611375840145445e-02 4.290158916395116900e-02
-1.203919142147309856e-01 1.335651333368265414e-01
8.989883037216984951e-02 3.164620790020060415e-02
5.194735430188210379e-02 -4.021249435635899233e-02
1.988538267014877126e-01 -6.929096517839944402e-02
2.130579693451637585e-02 -3.228593642808335468e-02
-3.922193660032203405e-02 1.379855802725462044e-01
-1.784844967324178064e-02 9.542844068734080256e-04
-5.259476588418173643e-02 1.612116314851467502e-01
-8.799737772611104791e-02 9.443600860507136985e-02
-1.277060470608926690e-01 2.438620537629219986e-01
-7.514880236705615002e-02 7.002957453277261490e-02
2.839302344477812740e-02 6.774635389677399755e-02
1.906580753043656679e-02 -1.749899451421535121e-02
1.332027324011677005e-01 -1.187609605316510518e-02
7.082318102620349665e-02 -9.022647730376359698e-02
4.225411878246858322e-02 6.313408414400725754e-02
-6.056695366174955769e-02 4.163815646602362502e-02
1.855935033920482202e-01 -5.288882704608714042e-02
-1.457495316181799949e-01 1.451445911081126472e-01
1.898299121279259372e-01 -6.308332984348132000e-02
-4.246358533880847832e-04 -4.381417968831546536e-03
2.056444638078176040e-02 9.065669736899702180e-02
-1.399195092389413919e-01 1.572455326755443084e-01
1.326661786807122878e-01 -2.371565634980072473e-02
-2.732005425661446218e-02 3.789431710614381277e-02
1.714459984282782345e-01 -1.804026580565605900e-02
-1.498762462911748181e-02 1.290823997066078456e-02
-1.460421451489601896e-02 1.481904691004775065e-01
6.469163404579526822e-02 -3.578652232702153602e-02
-2.816140962603261386e-03 1.280395765706218436e-01
9.667887159425841981e-02 -9.231169615240474025e-02
-3.085839483683451567e-02 1.329875187477590204e-01
